0
1
[[0.9120685437784988, 0.8956549741186988, -0.8868972645463826, -0.8302560096821567], [0.6709977562588991, 0.4719399781370466, 0.3394608028804418, -0.3837270848217116]]
0
1
[[0.21188833135692486, 0.21360346728167579], [0.16240803422400618, -0.6832342594903889]]
0
1
[[-0.13866071941746272, -0.21293635958925727], [0.4460241624749317, 0.9896391258994854]]
weights: [0.9120685437784988, 0.8956549741186988, -0.8868972645463826, -0.8302560096821567]
weights: [0.6709977562588991, 0.4719399781370466, 0.3394608028804418, -0.3837270848217116]
weights: [0.21188833135692486, 0.21360346728167579]
weights: [0.16240803422400618, -0.6832342594903889]
weights: [-0.13866071941746272, -0.21293635958925727]
weights: [0.4460241624749317, 0.9896391258994854]
wv[ 0 ] 0.9120685437784988
wv[ 1 ] 0.8956549741186988
wv[ 2 ] -0.8868972645463826
wv[ 3 ] -0.8302560096821567
z 0.0
wv[ 0 ] 0.6709977562588991
wv[ 1 ] 0.4719399781370466
wv[ 2 ] 0.3394608028804418
wv[ 3 ] -0.3837270848217116
z 0.0
wv[ 0 ] 0.21188833135692486
wv[ 1 ] 0.21360346728167579
z 0.21274589931930032
wv[ 0 ] 0.16240803422400618
wv[ 1 ] -0.6832342594903889
z -0.26041311263319133
wv[ 0 ] -0.13866071941746272
wv[ 1 ] -0.21293635958925727
z -0.16936068335863014
wv[ 0 ] 0.4460241624749317
wv[ 1 ] 0.9896391258994854
z 0.6773979246988135
0.5
0.5
0.5529867733679461
0.43526215867440426
current 0.209544898249011
current 0.6493230252842039
cost 0.6493230252842039
starting
-0.13866071941746272 0 0
0.9155214869111724
0.4460241624749317 1 0
1.3263153878850882
starting
-0.21293635958925727 0 1
0.9155214869111724
0.9896391258994854 1 1
1.3263153878850882
starting
-0.13866071941746272 0 0
0.9155214869111724
0.4460241624749317 1 0
1.3263153878850882
starting
-0.21293635958925727 0 1
0.9155214869111724
0.9896391258994854 1 1
1.3263153878850882
starting
0.21188833135692486 0 0
0.10063413810770448
0.16240803422400618 1 0
0.24481298649232786
starting
0.21360346728167579 0 1
0.10063413810770448
-0.6832342594903889 1 1
0.24481298649232786
l4wm [[-0.13866071941746272, -0.21293635958925727], [0.4460241624749317, 0.9896391258994854]]
wGF [[0.11362346983921857, 0.11362346983921857], [0.1481358784641632, 0.1481358784641632]]
l4wm 2 2
[0.9155214869111724, 1.3263153878850882]
l3wm 2 2
[0.10063413810770448, 0.24481298649232786]
l2wm 2 4
